Type	Name	GeneID	GeneSymbol	ClinicalSignificance	Assembly	VariationID
single nucleotide variant	NM_006445.4(PRPF8):c.6926A>G (p.His2309Arg)	10594	PRPF8	Pathogenic	GRCh38	3355
single nucleotide variant	NM_006445.4(PRPF8):c.6926A>C (p.His2309Pro)	10594	PRPF8	Pathogenic/Likely pathogenic	GRCh38	3356
single nucleotide variant	NM_006445.4(PRPF8):c.6929G>A (p.Arg2310Lys)	10594	PRPF8	Pathogenic	GRCh38	3357
single nucleotide variant	NM_006445.4(PRPF8):c.6901C>A (p.Pro2301Thr)	10594	PRPF8	Likely pathogenic	GRCh38	3358
single nucleotide variant	NM_006445.4(PRPF8):c.6912C>G (p.Phe2304Leu)	10594	PRPF8	Pathogenic/Likely pathogenic	GRCh38	3359
single nucleotide variant	NM_006445.4(PRPF8):c.6353C>T (p.Ser2118Phe)	10594	PRPF8	Pathogenic	GRCh38	30666
single nucleotide variant	NM_006445.4(PRPF8):c.6930G>C (p.Arg2310Ser)	10594	PRPF8	Pathogenic/Likely pathogenic	GRCh38	30667
single nucleotide variant	NM_006445.4(PRPF8):c.6928A>G (p.Arg2310Gly)	10594	PRPF8	Pathogenic/Likely pathogenic	GRCh38	438226
single nucleotide variant	NM_006445.4(PRPF8):c.5353G>A (p.Val1785Ile)	10594	PRPF8	Pathogenic	GRCh38	451688
single nucleotide variant	NM_006445.4(PRPF8):c.3890C>A (p.Thr1297Lys)	10594	PRPF8	Likely pathogenic	GRCh38	452627
single nucleotide variant	NM_006445.4(PRPF8):c.5804G>A (p.Arg1935His)	10594	PRPF8	Pathogenic/Likely pathogenic	GRCh38	546782
single nucleotide variant	NM_006445.4(PRPF8):c.5548C>T (p.Arg1850Ter)	10594	PRPF8	Pathogenic	GRCh38	855649
single nucleotide variant	NM_006445.4(PRPF8):c.7000T>A (p.Tyr2334Asn)	10594	PRPF8	Pathogenic	GRCh38	865924
single nucleotide variant	NM_006445.4(PRPF8):c.6901C>T (p.Pro2301Ser)	10594	PRPF8	Pathogenic/Likely pathogenic	GRCh38	867220
single nucleotide variant	NM_006445.4(PRPF8):c.5792C>T (p.Thr1931Met)	10594	PRPF8	Pathogenic/Likely pathogenic	GRCh38	867014
single nucleotide variant	NM_006445.4(PRPF8):c.4394G>A (p.Trp1465Ter)	10594	PRPF8	Pathogenic	GRCh38	943735
single nucleotide variant	NM_006445.4(PRPF8):c.4477A>G (p.Thr1493Ala)	10594	PRPF8	Likely pathogenic	GRCh38	973370
single nucleotide variant	NM_006445.4(PRPF8):c.6910T>C (p.Phe2304Leu)	10594	PRPF8	Likely pathogenic	GRCh38	987427
single nucleotide variant	NM_006445.4(PRPF8):c.6941T>C (p.Phe2314Ser)	10594	PRPF8	Pathogenic	GRCh38	1001079
single nucleotide variant	NM_006445.4(PRPF8):c.5377-1G>T	10594	PRPF8	Likely pathogenic	GRCh38	1034482
single nucleotide variant	NM_006445.4(PRPF8):c.7007G>C (p.Ter2336Ser)	10594	PRPF8	Pathogenic	GRCh38	1066917
single nucleotide variant	NM_006445.4(PRPF8):c.6942C>G (p.Phe2314Leu)	10594	PRPF8	Pathogenic	GRCh38	1066428
single nucleotide variant	NM_006445.4(PRPF8):c.3893G>A (p.Arg1298His)	10594	PRPF8	Pathogenic	GRCh38	1309620
single nucleotide variant	NM_006445.4(PRPF8):c.5491A>G (p.Lys1831Glu)	10594	PRPF8	Likely pathogenic	GRCh38	1311174
single nucleotide variant	NM_006445.4(PRPF8):c.6978C>G (p.Tyr2326Ter)	10594	PRPF8	Pathogenic/Likely pathogenic	GRCh38	1433653
single nucleotide variant	NM_006445.4(PRPF8):c.6991G>T (p.Glu2331Ter)	10594	PRPF8	Likely pathogenic	GRCh38	1485586
single nucleotide variant	NM_006445.4(PRPF8):c.2287C>T (p.Arg763Ter)	10594	PRPF8	Likely pathogenic	GRCh38	1678223
single nucleotide variant	NM_006445.4(PRPF8):c.6961C>T (p.Gln2321Ter)	10594	PRPF8	Likely pathogenic	GRCh38	2137869
single nucleotide variant	NM_006445.4(PRPF8):c.6942C>A (p.Phe2314Leu)	10594	PRPF8	Pathogenic/Likely pathogenic	GRCh38	2137870
single nucleotide variant	NM_006445.4(PRPF8):c.6930G>T (p.Arg2310Ser)	10594	PRPF8	Pathogenic	GRCh38	2152269
single nucleotide variant	NM_006445.4(PRPF8):c.1948C>T (p.Arg650Ter)	10594	PRPF8	Pathogenic	GRCh38	1944453
single nucleotide variant	NM_006445.4(PRPF8):c.6912C>A (p.Phe2304Leu)	10594	PRPF8	Pathogenic	GRCh38	2089649
single nucleotide variant	NM_006445.4(PRPF8):c.3019G>A (p.Asp1007Asn)	10594	PRPF8	Likely pathogenic	GRCh38	2576250
single nucleotide variant	NM_006445.4(PRPF8):c.1777C>T (p.Arg593Ter)	10594	PRPF8	Pathogenic	GRCh38	2736782
single nucleotide variant	NM_006445.4(PRPF8):c.1994C>A (p.Ser665Ter)	10594	PRPF8	Pathogenic	GRCh38	2851871
single nucleotide variant	NM_006445.4(PRPF8):c.6778C>T (p.Gln2260Ter)	10594	PRPF8	Likely pathogenic	GRCh38	3028437
single nucleotide variant	NM_006445.4(PRPF8):c.3613G>A (p.Glu1205Lys)	10594	PRPF8	Likely pathogenic	GRCh38	3028452
single nucleotide variant	NM_006445.4(PRPF8):c.957G>T (p.Leu319Phe)	10594	PRPF8	Likely pathogenic	GRCh38	3028462
single nucleotide variant	NM_006445.4(PRPF8):c.5764G>A (p.Asp1922Asn)	10594	PRPF8	Likely pathogenic	GRCh38	3067244
single nucleotide variant	NM_006445.4(PRPF8):c.4310G>A (p.Arg1437His)	10594	PRPF8	Likely pathogenic	GRCh38	3219215
single nucleotide variant	NM_006445.4(PRPF8):c.5495G>A (p.Arg1832His)	10594	PRPF8	Likely pathogenic	GRCh38	3219216
single nucleotide variant	NM_006445.4(PRPF8):c.4367C>T (p.Thr1456Ile)	10594	PRPF8	Likely pathogenic	GRCh38	3235734
single nucleotide variant	NM_006445.4(PRPF8):c.6938A>C (p.His2313Pro)	10594	PRPF8	Likely pathogenic	GRCh38	3248875
single nucleotide variant	NM_006445.4(PRPF8):c.6994G>C (p.Asp2332His)	10594	PRPF8	Likely pathogenic	GRCh38	3249436
single nucleotide variant	NM_006445.4(PRPF8):c.6911T>G (p.Phe2304Cys)	10594	PRPF8	Likely pathogenic	GRCh38	3249849
single nucleotide variant	NM_006445.4(PRPF8):c.5552C>T (p.Ser1851Phe)	10594	PRPF8	Likely pathogenic	GRCh38	3343917
single nucleotide variant	NM_006445.4(PRPF8):c.4630C>T (p.Arg1544Ter)	10594	PRPF8	Pathogenic	GRCh38	3684587
single nucleotide variant	NM_006445.4(PRPF8):c.5783C>A (p.Ser1928Ter)	10594	PRPF8	Pathogenic	GRCh38	4715217
single nucleotide variant	NM_006445.4(PRPF8):c.2965G>C (p.Asp989His)	10594	PRPF8	Likely pathogenic	GRCh38	4880473
